Коефіцієнти ряду Фур'є

a[0] = 0.036182857142857135

a[1] = -0.45142718703846957
a[2] = 0.16163795144541235
a[3] = -0.7852034329446901

b[1] = -0.10448079121025695
b[2] = 0.061751469038004214
b[3] = 0.24672416367216257