Коефіцієнти ряду Фур'є

a[0] = -0.609114394511215

a[1] = -0.8877652159763111
a[2] = -0.5501511693197217

b[1] = -0.9089644546584882
b[2] = -0.8967601644234311