Коефіцієнти ряду Фур'є

a[0] = -0.20280747886982262

a[1] = 0.4281388578174539
a[2] = -0.18089067879200946
a[3] = -0.11205616764355192
a[4] = -0.6402642111173139
a[5] = 0.10816713456974884

b[1] = -0.39239469133469734
b[2] = 0.5441058896844333
b[3] = 0.5538324642722295
b[4] = -0.21259209741116514
b[5] = -0.08897910193752051