Коефіцієнти ряду Фур'є

a[0] = -2.8571428571457146e-05

a[1] = 1.0000136850934946
a[2] = 3.473930260383673e-05
a[3] = -0.33333413868181333

b[1] = -1.5860328923216522e-16
b[2] = 1.2688263138573217e-16
b[3] = 3.489272363107635e-16