Коефіцієнти ряду Фур'є

a[0] = -0.4450208137931452

a[1] = 0.6623901280991188
a[2] = -0.4107885654365203

b[1] = 0.5984881537989843
b[2] = 0.3452801977064085